# Number of parameters = 160 Objective function value = 318.459040474205  Maximum gradient component = 0.000321344631310333
# log_n_imm:
 19.4198443907420 20.2501682115825 20.4530322791910 20.1815909679792 20.0056251465611 19.9121524919984 19.9016197377724 20.1074752564252 20.2318677035550 19.9310059875963 19.4671634594785 18.9326971227800 18.4025583982824
# log_n_mat:
 16.6628016870235 14.7069296727038 17.0447482565551 17.8287525164725 18.4254210235109 18.9860044538993 19.2357788430700 19.3170072385295 19.2538548711485 19.1980378099517 19.0081181508942 18.7796047622143 18.8287609969614
# nat_m_dev:
 0.294082956672620 -0.143013912542416 0.167414971208926 -0.169677860038617 -0.0343581862644035 -0.186076520876520 0.153630804604932 0.586475698134148 0.270617679517400 0.449896511523006 -1.19547007320555 -0.835549468297102 0.0257195298853881 -0.461198450551351 -0.530610835229051 -0.441543634381172 -0.0805302091120267 -0.498244041014547 -0.249883994436211 -0.324402613763599 -0.826550054255326 -0.256648266330529 0.544573262493870 0.319891208015106 -0.0413968296824336 0.288246095339601 -0.0663067285526324 -0.427231649394844 -0.649736020683299 0.143100420721190 1.19346166218076 1.24737429203645 1.73394425627823
# nat_m_mat_dev:
 0.564091461617420 0.337127060589373 0.0464185943688057 -0.0903224068483920 0.387642989507761 0.0897962611925961 0.444971644533623 0.736062933340957 0.585099350220463 0.463576238452012 -1.62012538776119 -2.03716745104874 0.365568439617682 0.0777008739408352 -0.789562252515349 -1.28790868791297 0.334168038968402 0.308477816730252 0.498058979591215 0.0335291690952627 -1.19590630173093 0.361361763499217 -0.224487027558354 0.698341837410956 -1.02850560997550 0.713442880436034 0.371681029262127 -0.709365709378411 -0.697949388958887 1.22857088629119 1.22600957375017 0.0876355812562729 -0.278033179983905
# q_dev:
 0.00000000000000 0.00000000000000 0.00000000000000 0.00000000000000 0.00000000000000 0.00000000000000 0.00000000000000 0.00000000000000 0.00000000000000 0.00000000000000 0.00000000000000 0.00000000000000 0.00000000000000 0.00000000000000 0.00000000000000 0.00000000000000 0.00000000000000 0.00000000000000 0.00000000000000 0.00000000000000 0.00000000000000 0.00000000000000 0.00000000000000 0.00000000000000 0.00000000000000 0.00000000000000 0.00000000000000 0.00000000000000 0.00000000000000 0.00000000000000 0.00000000000000 0.00000000000000 0.00000000000000
# q_mat_dev:
 0.00000000000000 0.00000000000000 0.00000000000000 0.00000000000000 0.00000000000000 0.00000000000000 0.00000000000000 0.00000000000000 0.00000000000000 0.00000000000000 0.00000000000000 0.00000000000000 0.00000000000000 0.00000000000000 0.00000000000000 0.00000000000000 0.00000000000000 0.00000000000000 0.00000000000000 0.00000000000000 0.00000000000000 0.00000000000000 0.00000000000000 0.00000000000000 0.00000000000000 0.00000000000000 0.00000000000000 0.00000000000000 0.00000000000000 0.00000000000000 0.00000000000000 0.00000000000000 0.00000000000000
# log_recruits:
 21.1157447480452 22.0543686149775 22.0677650287618 22.2272216548958 21.1863704691225 19.2041465558024 19.3048821966509 19.9369489904529 19.9313332108336 20.0021088889402 20.0648653767891 19.5827883408904 20.3677176599956 20.9565824882241 20.9610981577237 20.7867439393561 19.9676704137652 19.2031551829916 20.3893013125578 21.2597222637251 20.8492120294800 20.4302707675768 20.5432126105222 20.3636306135911 20.6191665831555 21.9558481619767 22.7768672392631 1.03158037932136 19.3963467030682 1.41220246099440 16.6635664608603 16.6099172007653 15.5000000000000
# sigma_m:
 1.00000000000000 2.00000000000000
# log_m_mu:
 -1.77248710589470 -0.746345358329989
# prop_rec:
 0.466535621678853 0.650199675112036 0.621730748580116 0.565082888065589 0.544795354584728 0.999984174066502 0.383725619702572 0.250177372877756 0.570842565850309 0.475792634650693 0.570156312016549 0.395301191286653 0.331056364757539 0.377658366137171 0.429914305361872 0.952409688672402 0.248406923044479 0.417054486879797 0.626027517512037 0.403140994569538 0.589587275610336 0.790659154132125 0.411250874169723 0.542144163211965 0.939769370571523 0.555078379151769 0.737533925285913 0.500002762915066 0.0149280911272978 0.500005813428811 0.308679356373517 0.623607004586086 0.500001580864187
# sigma_q:
 0.0500000000000000 0.0500000000000000
