# Number of parameters = 160 Objective function value = 426.433680371645  Maximum gradient component = 0.000305907993000053
# log_n_imm:
 19.4362319582667 20.2177391406755 20.4255050506298 20.1529129087395 19.9777596202504 19.8876628051016 19.8798202582448 20.0796156817680 20.1978461783886 19.9373292271616 19.5007572679571 18.9688506106494 18.4387120376882
# log_n_mat:
 16.6328393974650 14.6908127426484 17.0157376488431 17.8113471218026 18.4019849510277 18.9579795266729 19.2076104016117 19.2892472533649 19.2260953226918 19.1712048938154 18.9826804669913 18.7559549223321 18.8019923082472
# nat_m_dev:
 0.100451917083764 -0.0317155522693640 0.0329475768137788 -0.0292572262436865 0.00935453103804006 -0.0237247450394238 0.108338214783059 0.250234226023984 0.0978911261978810 0.0581458034724969 -0.494160942587788 -0.327284702222719 -0.0710038528169925 -0.195344614173150 -0.209298687938877 -0.151275466745713 -0.0333982631226417 -0.159892673910021 -0.100396032958739 -0.133864521560213 -0.293920013570209 -0.0757880595908926 0.157320688858920 0.121320150703630 0.0190718701837598 0.0808267809287002 -0.0246644113181620 -0.0986396978256476 -0.111684720980873 0.228605530332465 0.565987470291461 0.536447074358217 0.198371223804956
# nat_m_mat_dev:
 0.238971545775708 0.0993096471980112 -0.0546794538315980 -0.127403023557901 0.113494406389805 -0.0275899056239937 0.186155099760645 0.501106197344372 0.378822166502329 0.196799272214857 -0.624201963480336 -0.766341163415160 -0.142989780335677 -0.188338204470074 -0.398669220629004 -0.451921098750865 0.0100547683140124 0.0795094160576848 0.166589689981946 -0.177147254224870 -0.463844464560059 -0.0502820894727283 -0.176522190293889 0.284870858022129 -0.270726120945048 0.345398467394753 0.135794591715329 -0.254136270180069 -0.201473112136126 0.721212709226694 0.405499033127594 0.532755342465627 -0.0200778955840993
# q_dev:
 0.00000000000000 0.00000000000000 0.00000000000000 0.00000000000000 0.00000000000000 0.00000000000000 0.00000000000000 0.00000000000000 0.00000000000000 0.00000000000000 0.00000000000000 0.00000000000000 0.00000000000000 0.00000000000000 0.00000000000000 0.00000000000000 0.00000000000000 0.00000000000000 0.00000000000000 0.00000000000000 0.00000000000000 0.00000000000000 0.00000000000000 0.00000000000000 0.00000000000000 0.00000000000000 0.00000000000000 0.00000000000000 0.00000000000000 0.00000000000000 0.00000000000000 0.00000000000000 0.00000000000000
# q_mat_dev:
 0.00000000000000 0.00000000000000 0.00000000000000 0.00000000000000 0.00000000000000 0.00000000000000 0.00000000000000 0.00000000000000 0.00000000000000 0.00000000000000 0.00000000000000 0.00000000000000 0.00000000000000 0.00000000000000 0.00000000000000 0.00000000000000 0.00000000000000 0.00000000000000 0.00000000000000 0.00000000000000 0.00000000000000 0.00000000000000 0.00000000000000 0.00000000000000 0.00000000000000 0.00000000000000 0.00000000000000 0.00000000000000 0.00000000000000 0.00000000000000 0.00000000000000 0.00000000000000 0.00000000000000
# log_recruits:
 21.0887484955911 22.0341522748876 22.0717457453455 22.1943480811253 21.0631711491266 19.0695927968437 19.1869730404008 19.8611937876002 19.9496678298137 20.0857897347524 20.0470343396868 19.6717770927048 20.5325037586739 21.0725103458081 20.9953729981094 20.8052148503151 20.0485231375611 19.2591630232439 20.4733437381829 21.3086763459891 20.7286536909705 20.3369618392305 20.4225641869721 20.3074649472084 20.6013996871516 21.9940751421929 22.7007856125501 3.04687219229727 18.2032267855405 1.37699110273163 16.1678997105890 16.4187216421827 15.5000000000000
# sigma_m:
 0.100000000000000 0.100000000000000
# log_m_mu:
 -1.85442123539899 -0.532939958622692
# prop_rec:
 0.470298917033867 0.649358216245891 0.620728233877752 0.567718651941987 0.549059101337750 0.999994465076889 0.433132202815587 0.260737585835511 0.549413803069294 0.465108887610219 0.570829324488071 0.340195012637135 0.295456651894782 0.361571200406787 0.424932783898255 0.950315453904288 0.244697346659541 0.410015661740074 0.608266729473926 0.382999947728891 0.614653121439916 0.785251617400153 0.417433114475043 0.550576933748907 0.943244658379434 0.553674388426067 0.689773633981291 0.500011443727669 0.0246350423173816 0.500006395273042 0.303472767927778 0.623401306503935 0.500001205165927
# sigma_q:
 0.0500000000000000 0.0500000000000000
