# Number of parameters = 228 Objective function value = 247.319053978578  Maximum gradient component = 0.000700791758415212
# log_n_imm:
 20.8457237943044 20.6442291428707 21.0428242470595 20.7700589737650 20.6006085934565 20.5210118003401 20.5362354556968 20.7527719554416 20.8549093628670 20.5719953585927 20.1206134457778 19.5642515910348 18.9956263687852
# log_n_mat:
 18.0183366321286 15.6579124759316 17.5119387648498 18.3186587619582 18.9422848749525 19.5000513810234 19.8115101290477 19.9533548040581 19.9111342206010 19.8554253924062 19.6496153873952 19.3875166629154 19.3718106185788
# nat_m_dev:
 0.136887436465683 -0.255396712931546 0.522549772270750 0.0965673123890053 0.282872208540880 -0.125634686359057 -0.184298663317857 -0.147299715392027 0.0799592952544842 0.827419569163075 -0.927454051376904 -0.880979914158521 -0.680380251444902 -0.698434379263136 -0.569802679251289 -0.666332552988049 -0.293310480127970 -0.572651972294718 -0.522018471190187 -0.283554656500432 -0.384869846292827 -0.341834280440578 -0.207888202506367 -0.158342353903316 -0.118632247245742 0.498734623471453 0.581198140145225 0.439942404571126 0.0238234829968406 0.677272866533558 1.12261876809695 1.29201628880320 1.43725394828319
# nat_m_mat_dev:
 0.787640686723566 0.574928321876292 0.236621324082425 1.14912471640562 -0.184233946979881 0.0526243598025998 0.531221548971732 0.910354682031362 0.802739150086772 0.720497919181817 -1.05316522414914 0.607688167175118 -0.794631973390544 -0.399190862945127 -1.13747592694761 -0.816819984767653 0.115633903264764 1.63460035108300 -1.06471687243433 0.193186547593449 -1.35113605699970 0.752363154415628 -1.27326872122556 1.28899919604165 -1.08074173639312 0.515420043321968 0.423345703468215 -1.27617263312155 -0.997326693113640 1.79324854220282 1.01068850175768 -1.22726353331679 -1.44478265370183
# q_dev:
 -0.199999935266609 -0.199999951845467 -0.199999918141578 -0.199999961921486 -0.169482347054360 -0.144797409961546 -0.127164157459634 -0.149711539391639 -0.199999749437833 -0.199999909225578 -0.199999984732739 0.0408969143330054 0.199999749093753 -0.199999971102107 -0.194473148736210 -0.117656874988176 -0.169731701083295 -0.199999898265057 -0.152374373784910 -0.199999781700876 -0.199999936741730 0.0732534830948778 -0.00738542332618750 -0.128258787452157 -0.166932466051552 -0.199999873633255 -0.199999912605488 -0.199999940035432 -0.100590239359008 0.199999646083375 0.199997613359022 0.00768844643479741 0.199993861360670
# q_mat_dev:
 -0.199999258496993 -0.199999612118531 -0.199998902048687 -0.199999442325124 -0.0194728623924242 -0.199999457259498 -0.199999348806500 -0.199999237150154 -0.199999066015476 -0.199997839918746 -0.199998969490049 -0.191569582861264 0.199997973895404 -0.165441029607476 -0.199999823517928 -0.199999322732963 -0.139451412393551 -0.199998889663141 0.199993089869349 -0.194028828810411 -0.199999892220103 -0.184255584188397 -0.144092298446650 -0.198638457265900 -0.0687572516913560 -0.0753590321536566 -0.199998245761709 -0.199999681323905 -0.165164519649052 -0.0835757792025501 0.199998758786820 0.00469105690484678 -0.151363470186181
# log_recruits:
 21.9013005800625 22.8592441438664 22.8332293272827 22.6530158233451 21.5108665193286 19.7133213495077 19.9421760554786 20.5978576392720 20.5954049451435 20.6081819617878 19.4431232217614 19.5937681467056 21.1276622765984 21.3601302609046 21.3231964729864 21.4043671004628 20.4421190156344 19.5565401521051 21.1774001049797 21.6924212214022 20.2830366455294 20.6466156662750 20.9723585609860 20.9312525891657 21.4130773949119 22.6496778477601 23.0913567277895 1.20267939302623 18.8808641368016 1.50304446120837 16.4237129386054 16.1421385907128 15.5000000000000
# sigma_m:
 1.00000000000000 2.00000000000000
# log_m_mu:
 -1.67427762220162 -0.962943777252884
# prop_rec:
 0.709626849697019 0.827271353603564 0.847656649010944 0.747372106633570 0.654671798700053 0.999996321348845 0.538913497810513 0.534302885790404 0.907495063668591 0.776192179893984 0.858727939858851 0.205649448280887 0.638635144708853 0.614074087287590 0.494189272559950 0.991600520496501 0.432930642024990 0.600407309959418 0.815437076203248 0.630783623065762 0.928849062231759 0.710310597428874 0.440902918708361 0.637934674902421 0.999999015579840 0.713227415366059 0.814690840389255 0.500010378840553 0.0236515071417832 0.500024733724802 0.247338310636786 0.592651353784633 0.500005348369892
# sigma_q:
 3.99999176201827 3.99999231291764
