# Number of parameters = 94 Objective function value = 811.537691061243  Maximum gradient component = 0.000391448555270251
# log_n_imm:
 19.4166608900465 20.1781291278572 20.4096782565695 20.1444864338278 19.9727100332247 19.8877835770041 19.8942633351204 20.0985059760292 20.2130021334363 19.9649992982803 19.5379947252620 19.0070136055895 18.4768747325798
# log_n_mat:
 16.6125467230374 14.7625557277176 17.0362423525588 17.8412687261713 18.4095729860999 18.9497990260212 19.1948390265461 19.2725332844696 19.2046827812010 19.1454268622970 18.9533092860601 18.7254866793534 18.7683718475272
# nat_m_dev:
 0.00000000000000 0.00000000000000 0.00000000000000 0.00000000000000 0.00000000000000 0.00000000000000 0.00000000000000 0.00000000000000 0.00000000000000 0.00000000000000 0.00000000000000 0.00000000000000 0.00000000000000 0.00000000000000 0.00000000000000 0.00000000000000 0.00000000000000 0.00000000000000 0.00000000000000 0.00000000000000 0.00000000000000 0.00000000000000 0.00000000000000 0.00000000000000 0.00000000000000 0.00000000000000 0.00000000000000 0.00000000000000 0.00000000000000 0.00000000000000 0.00000000000000 0.00000000000000 0.00000000000000
# nat_m_mat_dev:
 0.00000000000000 0.00000000000000 0.00000000000000 0.00000000000000 0.00000000000000 0.00000000000000 0.00000000000000 0.00000000000000 0.00000000000000 0.00000000000000 0.00000000000000 0.00000000000000 0.00000000000000 0.00000000000000 0.00000000000000 0.00000000000000 0.00000000000000 0.00000000000000 0.00000000000000 0.00000000000000 0.00000000000000 0.00000000000000 0.00000000000000 0.00000000000000 0.00000000000000 0.00000000000000 0.00000000000000 0.00000000000000 0.00000000000000 0.00000000000000 0.00000000000000 0.00000000000000 0.00000000000000
# q_dev:
 0.00000000000000 0.00000000000000 0.00000000000000 0.00000000000000 0.00000000000000 0.00000000000000 0.00000000000000 0.00000000000000 0.00000000000000 0.00000000000000 0.00000000000000 0.00000000000000 0.00000000000000 0.00000000000000 0.00000000000000 0.00000000000000 0.00000000000000 0.00000000000000 0.00000000000000 0.00000000000000 0.00000000000000 0.00000000000000 0.00000000000000 0.00000000000000 0.00000000000000 0.00000000000000 0.00000000000000 0.00000000000000 0.00000000000000 0.00000000000000 0.00000000000000 0.00000000000000 0.00000000000000
# q_mat_dev:
 0.00000000000000 0.00000000000000 0.00000000000000 0.00000000000000 0.00000000000000 0.00000000000000 0.00000000000000 0.00000000000000 0.00000000000000 0.00000000000000 0.00000000000000 0.00000000000000 0.00000000000000 0.00000000000000 0.00000000000000 0.00000000000000 0.00000000000000 0.00000000000000 0.00000000000000 0.00000000000000 0.00000000000000 0.00000000000000 0.00000000000000 0.00000000000000 0.00000000000000 0.00000000000000 0.00000000000000 0.00000000000000 0.00000000000000 0.00000000000000 0.00000000000000 0.00000000000000 0.00000000000000
# log_recruits:
 21.0233692654087 21.9072068212947 21.8727991260003 21.8292512506398 20.7413527894892 18.9293020697694 19.0925904672433 19.8786087295886 20.0844171973931 20.3777293474430 19.9302655029471 19.7379415085867 20.7513998208573 21.1217511343304 21.0197606991128 20.8373589437111 20.1351304205221 19.2946075949268 20.6079176551848 21.3184282664465 20.4351173156720 20.2120270968393 20.3347008429506 20.2127502451860 20.4723113180476 21.8119543704331 22.2450972446933 19.8036313715412 1.24306959813231 1.76791640077766 16.0894930425712 16.5366405299809 15.5000000000000
# sigma_m:
 1.00000000000000 2.00000000000000
# log_m_mu:
 -2.12693969221924 -0.442216456421988
# prop_rec:
 0.483339363428965 0.658336447063343 0.627167394968743 0.614331736846268 0.584731479266904 0.999997233689429 0.445421609011881 0.283201403351358 0.525823654125139 0.457769262382393 0.625125774394609 0.251954850949045 0.273195553761122 0.372572649162306 0.427779589114247 0.949877488077557 0.241107276668304 0.412136399543182 0.583903014356877 0.372112242753136 0.682322112644077 0.757737265526595 0.412389914770596 0.564049379323933 0.955184610836641 0.557438880186261 0.617153456085359 0.698652471904104 0.499999472815024 0.500006103186620 0.365913765263193 0.626930736651779 0.500000480260430
# sigma_q:
 0.0500000000000000 0.0500000000000000
