# Number of parameters = 162 Objective function value = 249.371499458481  Maximum gradient component = 0.000417888579995641
# log_n_imm:
 20.7039052143540 20.5714971468808 20.9762779050394 20.7198198450866 20.5518790955912 20.4780672911913 20.5137043391959 20.6971375478056 20.7519100975385 20.5378085005762 20.1469239333846 19.5965951294184 19.0279691233164
# log_n_mat:
 17.4417816036473 15.4643114366946 17.3414088152913 18.1242203764527 18.6968290982760 19.2360523444887 19.5309566831139 19.6499792782300 19.5907626324256 19.5168220205214 19.2952789771841 19.0360935186212 19.0267206518850
# nat_m_dev:
 0.00000000000000 0.00000000000000 0.00000000000000 0.00000000000000 0.00000000000000 0.00000000000000 0.00000000000000 0.00000000000000 0.00000000000000 0.00000000000000 0.00000000000000 0.00000000000000 0.00000000000000 0.00000000000000 0.00000000000000 0.00000000000000 0.00000000000000 0.00000000000000 0.00000000000000 0.00000000000000 0.00000000000000 0.00000000000000 0.00000000000000 0.00000000000000 0.00000000000000 0.00000000000000 0.00000000000000 0.00000000000000 0.00000000000000 0.00000000000000 0.00000000000000 0.00000000000000 0.00000000000000
# nat_m_mat_dev:
 0.00000000000000 0.00000000000000 0.00000000000000 0.00000000000000 0.00000000000000 0.00000000000000 0.00000000000000 0.00000000000000 0.00000000000000 0.00000000000000 0.00000000000000 0.00000000000000 0.00000000000000 0.00000000000000 0.00000000000000 0.00000000000000 0.00000000000000 0.00000000000000 0.00000000000000 0.00000000000000 0.00000000000000 0.00000000000000 0.00000000000000 0.00000000000000 0.00000000000000 0.00000000000000 0.00000000000000 0.00000000000000 0.00000000000000 0.00000000000000 0.00000000000000 0.00000000000000 0.00000000000000
# q_dev:
 -0.199999822327295 -0.199999878380905 -0.154675561935500 -0.199999821853394 -0.0609124724719624 -0.0381759244373152 0.0385531629669938 0.0298457495834874 -0.0661698442415540 -0.116788634961303 -0.199999986689573 0.0325257099995793 0.199999741817873 -0.199999972195231 -0.199998899621295 -0.142929405649412 -0.169593615986088 -0.199999926531229 -0.153612497912551 -0.199998476602115 -0.199999891411394 0.115178213664516 0.0492630378304033 -0.0826296350905052 -0.119138453999483 -0.135923988312078 -0.173540253203805 -0.183448220701513 -0.0457442466373551 0.199999860470251 0.199998814033873 0.00161568885521474 -0.195319121991590
# q_mat_dev:
 -0.115184635988586 -0.199999533963380 -0.199999749014316 -0.179569896714742 -0.125559265819244 -0.140955480754101 -0.0768226191056911 -0.0897436405395520 -0.169225249077904 -0.199999904630106 -0.199999975187010 -0.0994374620607075 0.199999842693012 0.00421342315421497 0.00317107521151380 0.0404038998040679 0.117230738260222 -0.0896617115897510 -0.146191055956364 -0.198663066352409 -0.190899503002214 -0.0178775872086094 -0.0958664290532323 -0.0215393280397473 -0.147880661890099 0.0546406818375402 -0.141784261026707 -0.156638186268073 0.0333717460840268 0.199999126969153 -0.159087043368766 -0.00951358139362021 -0.199999964995906
# log_recruits:
 21.7066094715721 22.4377448717705 22.3803686522313 22.0022789190359 21.1135604004318 19.1710860152588 19.3965626885234 20.2014535508366 20.3393944970649 20.7529449122843 19.7031784478682 19.8179778997607 21.3638592020240 21.5482905662225 21.5503184049063 21.5212162475010 20.6441629090265 19.7316562568377 21.2462552267562 21.6846916491745 20.2400707034736 20.5347364235509 20.8181902158724 20.6970583181370 20.9438711512393 22.2030059678743 22.5459672816201 20.2211641979982 2.47493231167162 3.60121294648021 16.5542514037183 17.5323730665607 15.5000000000000
# sigma_m:
 0.100000000000000 0.100000000000000
# log_m_mu:
 -1.72270972625415 -0.508911078014217
# prop_rec:
 0.698219320636292 0.791778488962894 0.817472873349081 0.735375492361755 0.593349174867221 0.999980119156597 0.294469656204939 0.286326378555919 0.702411590874979 0.719837014769754 0.800504573666407 0.185138388112550 0.615026653005543 0.612497840530882 0.515140328853996 0.999974957826656 0.428925150293926 0.585463900961716 0.805781351342246 0.636414013083937 0.918432368195219 0.689348063026434 0.414412044461613 0.598817381599696 0.990379315783098 0.667606345393828 0.737210422546185 0.925535459024422 0.610003764203111 0.685578462594857 0.399247571641058 0.740687060206787 0.533783413876636
# sigma_q:
 3.99998923121158 3.99998753550486
