# Number of parameters = 160 Objective function value = 481.437909543436  Maximum gradient component = 0.000724594736114482
# log_n_imm:
 19.5007329120191 20.3359428499765 20.5039936612791 20.2205396938512 20.0391687553776 19.9455605389152 19.9216284954689 20.1041600078249 20.2084459530347 19.9229156418743 19.4749587020511 18.9420781737349 18.4119394952289
# log_n_mat:
 16.5565450064895 14.5675496170370 16.9574206673680 17.7369719883940 18.3340475048517 18.9110611857638 19.1744090368900 19.2604541707291 19.2045094895220 19.1572732123186 18.9674077351009 18.7382093967689 18.7923040225522
# nat_m_dev:
 0.169050346001238 -0.00602394385676901 0.0652172233741469 -0.0470410818166544 -0.0399221457635641 -0.120314151985040 0.00601674901835876 0.214581400600684 0.124682181497488 0.102360398821282 -0.580480535978509 -0.384856234441653 -0.0583586023721567 -0.218445181272997 -0.250428079891983 -0.199850008574254 -0.0604789980839725 -0.217682287836156 -0.119422932691029 -0.127008722325325 -0.343995909488072 -0.103768760025144 0.162994592203268 0.130392322091003 0.0582609555275125 0.148499659723230 -0.0111021198265288 -0.125043675367870 -0.181396186375324 0.212975083698958 0.663965714994873 0.651026386768652 0.485596543652308
# nat_m_mat_dev:
 0.280549969693386 0.137915928221393 -0.0352764309584377 -0.169181742239822 0.0883584816729843 -0.00862182531637701 0.255792223944575 0.592048801587086 0.465416113375326 0.242405698412719 -0.658626281591410 -0.771639758881611 -0.155720369041864 -0.206837001987844 -0.435326017071262 -0.493555605195777 -0.0307313371109046 0.0914895275979342 0.192362114689884 -0.206285300359228 -0.478456715377711 -0.0370051845923289 -0.170707268589376 0.304443507833661 -0.302216902347300 0.348941379745425 0.0424242331656524 -0.329896677946322 -0.242427318500637 0.822905348676860 0.487868323268431 0.545256178510505 -0.165666093287612
# q_dev:
 0.00000000000000 0.00000000000000 0.00000000000000 0.00000000000000 0.00000000000000 0.00000000000000 0.00000000000000 0.00000000000000 0.00000000000000 0.00000000000000 0.00000000000000 0.00000000000000 0.00000000000000 0.00000000000000 0.00000000000000 0.00000000000000 0.00000000000000 0.00000000000000 0.00000000000000 0.00000000000000 0.00000000000000 0.00000000000000 0.00000000000000 0.00000000000000 0.00000000000000 0.00000000000000 0.00000000000000 0.00000000000000 0.00000000000000 0.00000000000000 0.00000000000000 0.00000000000000 0.00000000000000
# q_mat_dev:
 0.00000000000000 0.00000000000000 0.00000000000000 0.00000000000000 0.00000000000000 0.00000000000000 0.00000000000000 0.00000000000000 0.00000000000000 0.00000000000000 0.00000000000000 0.00000000000000 0.00000000000000 0.00000000000000 0.00000000000000 0.00000000000000 0.00000000000000 0.00000000000000 0.00000000000000 0.00000000000000 0.00000000000000 0.00000000000000 0.00000000000000 0.00000000000000 0.00000000000000 0.00000000000000 0.00000000000000 0.00000000000000 0.00000000000000 0.00000000000000 0.00000000000000 0.00000000000000 0.00000000000000
# log_recruits:
 21.2550653707937 22.1768905063951 22.2258472108850 22.4104468111898 21.4112458344344 19.4213338375677 19.4372532779004 20.0558852458081 20.0632901500409 20.1762827525379 20.1670733279119 19.7823264897966 20.6033460345742 21.1721744304427 21.1400459463312 20.9183689916052 20.2180608219709 19.3842147650873 20.5203111004355 21.4021964386368 20.9691463386223 20.5269987452722 20.6033646125959 20.4521390131033 20.6697965820999 22.1162631810381 22.7334648277739 21.2332449570805 1.67862359685818 2.01636220814962 16.4676275373264 16.5352508317954 15.5000000000000
# sigma_m:
 0.100000000000000 0.100000000000000
# log_m_mu:
 -1.36023686684986 -0.652794769359006
# prop_rec:
 0.455792068581891 0.633790271451012 0.607899668918307 0.547717405952033 0.522264837828347 0.960539511992999 0.381157640963720 0.239605316323822 0.526722962902833 0.456428568270510 0.556663875051564 0.336035538869325 0.280545356578875 0.355307480343093 0.422281760690884 0.936849725712273 0.233509463416925 0.396407951888764 0.605954696071477 0.401397347409445 0.567464087783047 0.764442032723388 0.410285087313332 0.543024024365064 0.934620357322489 0.555404936150768 0.578938096888636 0.491023265734402 0.500000048515842 0.500003002928395 0.358017533551027 0.626693273206787 0.500000622039300
# sigma_q:
 0.0500000000000000 0.0500000000000000
