$retained_num_size_obs																					
0	0	0	0	0	0	0	0	0	4642.593811	9285.187622	23212.96905	88209.28241	473544.5687	3170891.573	8194178.076	6592483.211	3351952.731	1350994.799	441046.412	116064.8453	37140.75049
0	0	0	0	0	0	0	0	0	0	5721.191819	9535.319698	30513.02303	200241.7137	1245312.753	4525462.729	6602255.359	6205586.06	3543324.8	1298710.543	287966.6549	55304.85425
0	0	0	0	0	0	0	3566.83158	0	10700.49474	7133.663161	89170.78951	281779.6948	1119985.116	3627467.717	8895677.961	12084425.39	12398306.57	8927779.446	4169626.117	1062915.811	224710.3896
0	0	0	0	0	0	0	0	0	3974.186867	23845.1212	103328.8585	377547.7524	1999015.994	6946878.643	14207718.05	16910165.12	16341856.4	11413864.68	5762570.957	1971196.686	437160.5554
0	0	0	0	0	0	0	0	0	0	0	96839.17242	372458.3555	2473123.48	8208982.155	13512789.14	17796060.22	17751365.22	12291125.73	6428631.215	1936783.448	439500.8595
0	0	0	0	0	0	0	0	0	0	0	255148.0378	1091466.606	1970309.848	7980463.627	19703098.48	24196538.92	22764874.93	16315299.53	8689208.177	2381381.686	368547.1657
0	0	0	0	0	0	0	0	0	0	0	309594.1381	738439.3517	2460700.076	8203098.015	18107817.15	22584319.05	23673631.76	18706365.81	12083344.55	4646205.362	1105365.738
0	0	0	0	0	0	0	8033.737457	28118.0811	44185.55601	188792.8302	337416.9732	887727.989	3370152.863	11311502.34	25410711.58	28194401.6	23153231.35	18529815.44	11536446.99	4611365.3	1365735.368
0	0	0	0	0	0	0	13658.43903	27316.87806	27316.87806	61462.97563	300485.6586	771701.8052	4206799.221	16649637.18	46240645.33	68654143.78	59639574.02	40517759.38	20685705.91	6180443.661	1147308.878
0	0	0	0	0	0	0	1962.918108	13740.42676	102071.7416	373935.8996	979496.1361	2012972.52	6419723.673	21823723.53	49899341.23	53545461.62	42605137.54	27557407.32	14758199.8	5573705.969	1709701.672
0	0	0	0	0	0	0	7443.082917	4059.863409	27065.75606	119765.9706	423579.0824	1105636.135	2858820.484	7732686.507	20234359.23	32143291.9	40834106.17	34961513.75	20205263.54	6934246.703	1967003.822
0	0	0	0	0	0	0	1326.258055	9946.935414	45092.77388	141246.4829	411139.9971	819627.4781	2301057.726	6995348.112	17295731.3	24295058.18	25336833.89	20014560.31	11514572.44	4308349.292	1289122.83
0	0	0	0	0	0	0	1166.007676	5247.034541	53053.34925	184812.2166	457658.0127	791719.2118	2175770.323	5851026.517	10745926.74	12269898.77	11271213.2	8573654.44	5307083.936	2194426.446	728754.7973
0	0	0	0	0	0	0	2178.35646	8713.42584	29952.40132	115452.8924	370865.1873	941594.5798	2215388.52	5643032.409	10277485.78	11245765.22	9925136.62	6828602.913	3675976.526	1256911.677	375766.4893
0	0	0	0	0	0	0	0	3914.223815	10176.98192	50102.06484	166745.9345	542511.4208	2199010.939	9550706.109	25371998.77	26233910.85	18848553.36	10468200.17	4645400.824	1499147.721	385159.6234
0	0	0	0	0	0	0	1120.89394	4483.575759	25780.56061	67253.63638	125540.1212	368774.1061	1470612.849	8398858.29	30755087.92	47311812.3	47145920	32878061.04	16617252.66	6390216.35	1958201.713
0	0	0	0	0	0	0	3079.962562	4106.616749	13346.50444	32852.93399	101638.7645	286436.5183	1385983.153	7096233.743	24341970.78	37221347.56	37563223.41	26394252.5	12129919.22	3632302.515	837749.8168
0	0	0	0	0	0	0	2901.000347	4835.000578	3868.000463	11603.00139	28041.00335	36743.00439	178879.0214	947573.1133	3435436.411	5542336.663	6543090.783	4908042.587	2575851.308	683607.0818	178879.0214
0	0	0	0	0	0	0	0	0	2171.491601	11580.24556	28228.34783	68036.94122	144033.9323	566728.0184	2148933.955	3669618.467	4694506.182	4352876.944	2617950.066	883748.0615	239574.3479
0	0	0	0	0	0	891.3102633	0	2672.931563	6236.174163	20489.14456	46322.1538	101553.4133	320693.8324	1310390.96	4493278.895	5591656.92	5403694.374	4262558.437	2481815.458	899724.7518	212905.2442
0	0	0	0	0	0	0	0	0	3095.159819	19602.67885	54681.1568	170233.79	544748.1281	2168675.313	5849852.058	6155241.16	4342509.226	2545253.091	1043068.859	287849.8632	68093.51602
0	0	0	0	0	0	0	846.0028548	2538.008564	3384.011419	6768.022838	10152.03426	32148.10848	146358.4939	808778.7292	3053224.303	4614099.57	4605639.542	3241882.94	1543955.21	495757.6729	104058.3511
0	0	0	0	0	0	0	1071.090102	1071.090102	6426.540615	10710.90102	21421.80205	51412.32492	169232.2362	611592.4485	1865838.958	3151147.081	3965175.559	3940540.487	2707715.779	1176056.932	306331.7693
0	0	0	0	0	0	0	0	0	0	8120.410466	5800.29319	8120.410466	12470.63036	80044.04602	2345058.537	4178821.229	5604533.295	5765781.446	4085436.508	1833182.663	623821.5326
0	0	0	0	0	0	0	0	0	0	287.2626622	2585.36396	5745.253245	7756.09188	25853.6396	7117794.245	11225075.79	6704997.799	2614090.226	1234080.397	536893.9157	204531.0155
0	0	0	0	0	0	0	0	0	0	0	0	0	1047.152941	40838.96472	11990250.23	18170546.89	12657286.65	6074534.213	2652787.452	765119.7492	175921.6942
0	0	0	0	0	0	0	0	0	0	0	0	680.6025049	2382.108767	38454.04153	9833685.293	14707139.53	11127850.96	6113512.001	2972191.139	961351.0382	187846.2914
0	0	0	0	0	0	0	0	0	0	0	0	0	1173.21131	3226.331103	4578750.441	8540978.338	8410458.58	7254258.834	4429459.302	1661853.821	408864.1416
0	0	0	0	0	0	0	0	0	0	0	0	0	0	1595.713647	2787027.864	6469934.962	8828399.733	9761208.339	6734823.428	2493872.472	605915.2678
0	0	0	0	0	0	0	0	1035.147695	0	11386.62464	32089.57854	70390.04325	128358.3142	749446.9311	3968756.262	8605182.787	13173289.56	15498231.29	11764453.55	5033923.24	1518561.668
0	0	0	0	0	0	0	0	1024.301381	0	3072.904144	13315.91796	37899.15111	165936.8238	1223015.849	5903048.861	9551610.382	10195895.95	9659162.027	6857697.748	2889554.197	954648.8875
0	0	0	0	0	0	0	0	0	2149.417718	5373.544294	5373.544294	40838.93663	298769.0627	2641634.375	9154370.059	10859933.02	8317171.858	5407934.978	3341269.842	1406793.896	444929.4675
0	0	0	0	0	0	0	1204.68056	1204.68056	1204.68056	1204.68056	19274.88897	33731.05569	243345.4732	2202156.064	11202324.53	16101760.37	12515426.34	6990761.292	3685117.834	1532353.673	498737.752
0	0	0	0	0	0	0	0	0	5120.962995	15362.88898	20483.85198	5120.962995	56330.59294	655483.2634	3559069.282	6012010.556	5464067.516	5115842.032	4419391.065	3031610.093	1254635.934
0	0	0	0	0	0	0	0	0	4141.741573	0	0	12425.22472	33133.93258	285780.1685	2070870.787	3847677.921	3487346.404	2857801.685	2269674.382	1350207.753	0
0	0	0	0	0	0	0	0	5205.640796	0	0	0	5205.640796	57262.04876	494535.8756	3826145.985	4523701.852	3565863.945	1910470.172	978660.4697	265487.6806	62467.68955
0	0	0	0	0	0	2042.529291	0	0	5106.323229	12255.17575	24510.3515	38808.05654	166466.1373	1981253.413	5896782.064	5871250.448	4086079.848	2458184.002	1242879.074	519823.7047	165444.8726
0	0	0	0	0	0	0	0	0	2764.383635	3685.844846	12900.45696	35015.52604	445065.7652	4012963.577	8747431.282	7126581.011	4074701.478	2193999.145	1147219.208	561169.8779	262616.4453
0	0	0	0	0	0	0	0	0	3273.001921	6546.003841	14728.50864	40912.52401	418944.2458	0	13154194.72	12188659.15	7041863.632	3019344.272	1125912.661	373122.2189	104736.0615
$discard_num_size_obs																					
0	0	0	0	0	12355.63334	117378.5167	211327.6687	626343.5618	3617560.974	8011913.639	16230750.56	23593675.11	33324654.38	34268528.35	26616339.18	3785405.586	4123137.054	3037129.758	1646995.465	449068.5675	0
0	0	0	0	0	0	1274.156101	0	0	1274.156101	1282255.938	8275813.482	9371706.917	11785721.77	11140713.74	5897439.347	4142854.494	0	0	0	0	0
0	0	0	0	0	1282.195707	33837.14472	273601.2786	1080890.746	4246604.158	8001431.443	9208074.347	8056077.036	6983406.939	4806958.44	2742608.876	1863563.284	243507.5629	224315.4694	80035.21389	33705.86672	0
0	0	0	0	0	0	20838.87252	172831.2081	557174.5905	2214276.635	4855524.423	8198167.869	9909769.231	10702024.51	7487643.067	4385652.744	2913573.382	2347353.719	1649296.413	701750.7715	223332.5635	0
0	0	0	0	0	0	13083.18854	85767.56935	341547.3324	1164514.449	2934981.015	6630516.965	11704506.47	19532959.8	21771519.21	9803813.996	0	0	0	0	0	0
0	0	0	0	0	1501.854357	15018.54357	46557.48505	192237.3576	732904.9259	1564932.239	2733374.929	5001175.007	10272683.8	17825509.36	10275687.51	1474820.978	633782.5384	443047.0351	238794.8426	105129.805	33040.79584
0	0	0	0	0	2440.410239	9761.640954	48808.20477	151305.4347	419750.561	846822.3528	2084110.343	4073044.689	9717713.57	15162268.81	5732523.651	1251930.452	927355.8906	629625.8416	397786.8688	82973.94811	31725.3331
0	0	0	0	0	0	0	27259.28161	42836.01395	116825.4926	163555.6897	334899.7454	494561.252	1082582.898	1760170.755	241439.3514	151873.1404	105142.9433	105142.9433	77883.66173	38941.83086	0
0	0	0	0	0	0	1688.000324	10975.00211	28703.00552	56562.01087	167996.0323	384957.074	623022.1197	892324.1715	1494242.287	527628.1014	331772.0638	243975.0469	243131.0467	134229.0258	50652.00973	11819.00227
0	0	0	0	0	1719.860794	7741.373411	19781.39889	71385.22206	280381.3059	608064.7831	1260850.946	1757107.779	2482139.095	3783413.769	2166496.643	1056156.514	926287.0261	766314.9743	400788.5601	129869.4883	21501.25968
0	0	0	0	0	0	0	0	0	302486.1624	705231.3918	1409893.13	2058728.797	3094359.386	3393997.28	1920872.579	698965.2001	270015.8964	103107.336	43863.34182	0	7405.499268
0	0	0	0	0	740.3598968	2221.07969	5182.519277	16287.91773	77737.78916	129562.9819	270971.7222	456061.6964	1001706.94	1348935.732	894354.7553	251722.3649	121419.0231	162138.8174	122899.7429	0	15547.55783
0	0	0	0	911.9410401	1823.88208	4559.7052	82074.69361	192419.5595	354745.0646	416757.0553	548988.5061	732288.6552	1166372.59	1449986.254	508863.1004	28270.17224	7295.528321	3647.76416	4559.7052	2735.82312	0
0	0	0	0	818.4822091	4365.238449	13368.54275	32739.28836	85667.80456	190979.1821	530649.2989	1093219.404	1496731.133	1686619.006	2247552.146	1126504.347	700347.9436	744818.8103	668972.7923	419608.5459	164242.0966	41196.93786
0	0	0	0	0	0	4819.514293	23374.64432	47954.16722	197118.1346	610632.461	1363681.569	2375056.644	3087139.881	4862407.971	2598682.107	345077.2234	337606.9762	211094.726	141452.7445	70364.90868	26507.32861
0	0	0	0	0	0	0	0	0	0	102019.3922	1227093.063	2259364.046	4626468.199	8683407.579	4355369.938	458292.7212	322266.865	191326.0875	87081.97338	43223.16927	13983.96653
0	0	0	0	309.547274	0	309.547274	5881.398207	27240.16011	71505.4203	185728.3644	605784.0153	1308765.875	3197313.793	7174686.717	3822599.287	642310.5936	407983.3072	169631.9062	66552.66392	19191.93099	3095.47274
0	0	0	0	0	0	0	0	0	0	65965.20329	464556.8326	806517.9571	1886231.426	4429625.632	2595357.361	162112.5986	115127.9491	70943.70919	41383.83036	16180.1442	3111.566193
0	0	0	0	0	0	211.8742408	1271.245445	4873.107539	16314.31655	34111.75278	86020.94178	192381.8107	644733.3149	1926784.346	1360444.5	170135.0154	165473.7821	139836.999	93648.41445	35806.7467	12076.83173
0	0	0	0	0	0	580.9874197	3485.924518	13362.71065	44736.03132	93538.97458	235880.8924	527536.5771	1767944.718	5283499.595	3730520.222	466532.8981	453751.1748	383451.697	256796.4395	98186.87394	33116.28293
0	0	261.3721128	0	0	784.1163384	8102.535496	42865.0265	92525.72793	199426.9221	516994.0391	1124161.457	1721396.735	2741793.463	5538997.814	3948287.136	838220.3657	834822.5282	743603.6609	470731.1751	180869.502	63513.42341
0	0	0	0	0	3170.989139	10418.96434	72026.75342	171233.4138	510843.5364	1405760.4	3490912.262	5420208.864	8966848.957	10783928.71	1198051.207	675909.1485	378568.9298	3093.863752	0	0	0
0	0	0	0	0	763.8030296	8019.931811	57285.22722	156579.6211	550320.0828	1551283.953	3314523.247	4229941.178	5835073.245	10509929.69	6134484.032	489979.6435	281843.3179	163835.7499	85927.84083	42772.96966	17567.46968
0	0	0	0	0	750.8862637	7508.862637	23277.47417	104373.1906	299979.0623	815087.0392	1835166.028	2866132.868	4793282.464	7482957.06	4292441.326	1364735.784	856010.3406	501592.0241	315372.2307	158812.4448	56691.91291
0	0	0	0	0	323.3180996	1939.908598	7436.31629	40414.76245	153899.4154	419990.2114	862289.3716	1303618.578	2148125.454	3614049.717	1910809.969	427749.8458	281286.7466	179441.5453	135146.9656	92792.29458	37181.58145
0	0	0	0	0	1120.897454	10835.34206	50066.75295	108727.053	310114.9623	731946.0375	1475101.049	2099067.299	3489727.407	5721060.605	2879211.927	511129.239	323565.7317	158420.1735	73979.23197	25780.64144	7472.649693
0	0	0	0	0	3946.792611	15260.93143	84817.42051	188393.5673	575365.1214	1593142.772	3168903.958	4276436.756	5634429.178	7013263.154	4779082.891	938572.8613	4746.59696	0	0	0	0
0	0	0	0	181.5263773	1815.263773	13523.71511	50555.09607	171451.6633	564728.5596	1613587.967	4126457.608	7349821.489	12102998.91	15392075.34	7544236.239	339726.615	0	0	0	0	0
0	0	0	0	0	712.1578261	6943.538804	35251.81239	212223.0322	909069.465	2423473.082	5859812.633	10555069.18	18170884.97	21894224.13	0	0	0	0	0	0	0
$trawl_num_size_obs																					
99419.35982	116591.7947	70949.27042	126985.6369	139639.0099	119755.138	117495.6071	126081.8245	125629.9183	123822.2936	208328.7494	261653.6788	413042.2494	601487.1269	634928.1843	480828.1766	352486.8212	318593.8576	265720.8344	163590.0375	103034.6093	35700.5883
116219.6075	554810.269	741591.781	918688.3257	1163579.641	640591.4079	650276.3751	478714.0974	383247.9913	249042.016	307151.8197	214452.8471	249042.016	276713.3511	377713.7243	481481.231	593550.1382	704235.4786	641974.9746	405385.0594	189548.6455	63644.07076
0	7017.543194	52631.57396	389473.6473	596491.1715	694736.7762	1003508.677	908771.8436	575438.5419	494736.7952	547368.3691	445613.9928	320705.8519	319298.2153	326315.7585	301754.3574	252631.555	480701.7088	336842.0733	147368.4071	56140.34555	10526.31479
0	0	0	4646.873247	4646.873247	18587.49299	27881.23948	32528.11273	18587.49299	18587.49299	51115.60572	92937.46494	232343.6624	376396.733	678443.4941	957255.8889	1124543.326	1073427.72	841084.0577	413571.719	181228.0566	111524.9579
1613.255275	9679.531652	1613.255275	25812.08441	77436.25322	148419.4853	171005.0592	150032.7406	193590.633	120994.1457	100021.8271	96795.31652	120994.1457	183911.1014	224242.4833	271026.8863	337170.3526	374275.2239	259734.0993	159712.2723	91955.5507	38718.12661
0	14423.68158	14423.68158	4807.893859	14423.68158	14423.68158	43271.04473	144236.8158	100965.771	163468.3912	149044.7096	76926.30174	139428.9219	187507.8605	264434.1622	288473.6315	177892.0728	134621.028	120197.3465	96157.87717	48078.93859	4807.893859
663.523822	663.523822	663.523822	0	1548.222251	6192.889006	23002.15916	38705.55629	52860.73116	75199.3665	109039.0814	134695.3359	239753.2744	349677.0542	385949.6898	340387.7207	264303.6558	209894.7024	112135.5259	59938.31859	28310.34974	15039.8733
927.6584635	515.3658131	927.6584635	721.5121383	824.5853009	2164.536415	3298.341204	5256.731293	12781.07216	20305.41303	32983.41204	57102.53209	93178.139	158217.3046	217690.5194	226245.5919	222844.1776	190169.985	126470.7705	50196.63019	18759.3156	3813.707017
526.6443856	438.8703213	789.9665784	526.6443856	614.4184499	2545.447864	6670.828884	8075.213913	8601.858298	14921.59093	15711.5575	31510.88907	60476.33028	112701.8985	162030.9226	178883.543	188889.7863	173353.7769	133679.8999	70921.44393	24664.51206	6670.828884
564.6042788	1411.510697	5194.359365	7904.459904	7509.236909	12590.67542	27778.53052	38618.93267	37038.04069	33085.81074	31787.2209	34497.32144	49007.6514	67357.29047	84916.48354	110041.3739	147192.3355	163791.7013	137932.8253	76673.26107	26028.25725	6662.33049
376.773726	376.773726	1722.394176	1237.970814	1507.094904	2637.416082	8181.372336	16255.09504	20937.8542	23359.97101	26535.63527	24597.94182	30034.24844	45105.19748	70671.98603	98768.54102	112762.9937	118899.023	97422.92057	54847.48954	20776.37975	5759.255526
110.7832065	138.4790082	332.3496196	747.7866441	470.8286278	1080.136264	4320.545055	8530.306903	12213.84852	16368.21877	23458.34398	26449.49056	29052.89591	38303.29366	50821.796	58133.48763	61872.42085	56665.61014	44396.37002	26144.83674	9610.443167	2935.754973
62.89509339	314.475467	503.1607471	440.2656537	1509.482241	3647.915417	7798.99158	16164.039	25786.98829	33648.87496	41951.02729	53272.1441	76228.85319	109374.5674	162709.6066	181578.1346	183905.2531	160571.1734	109185.8821	58744.01723	22453.54834	5471.873125
2713.094451	102271.8647	50841.0308	20879.03121	7667.44084	13093.62974	52492.4796	93070.93574	88942.31375	90239.88066	88234.54998	83162.24296	97317.51836	127279.518	166914.2891	190978.2572	197348.1312	192629.706	163139.549	106164.5655	54733.73154	16396.52734
1560.106201	2369.050157	2629.067857	6991.587048	16872.25965	21639.25082	16698.91452	19356.87323	23083.7936	23430.48387	29006.41899	33946.7553	39609.36299	40418.30694	42527.3394	45965.35121	45907.5695	53794.77307	57088.33061	44463.02672	23488.26558	8176.112127
292.6224841	468.1959746	292.6224841	1346.063427	3394.420816	4330.812765	8251.954053	16620.9571	26043.40109	30783.88533	47053.69545	71224.31264	81700.19757	67010.54887	77837.58078	100603.61	104934.4228	120736.037	117458.6651	98964.92414	53198.76762	21946.68631
75.24173255	225.7251976	250.8057752	1028.303678	2232.171399	4489.423375	9029.007906	12289.48298	18484.38563	20365.42894	27262.58776	38022.15551	41282.63059	54650.57841	72081.57978	85700.33337	77498.98452	49082.6902	26460.00928	13267.62551	5467.565898	2182.010244
345.9873388	1326.284799	403.6518953	864.9683471	1383.949355	4382.506292	14646.79734	35002.38578	49245.53123	52359.41728	49130.20212	56049.94889	58471.86026	57203.24002	56799.58813	66775.5564	54377.67675	42325.78445	24103.78461	12340.21509	5997.113873	4440.170848
1105.731476	1769.170361	1105.731476	2211.462951	1769.170361	5307.511083	21008.89804	60372.93857	96198.63838	112121.1716	116101.8049	109909.7087	110573.1476	107034.8068	116322.9512	127822.5586	122072.7549	115659.5123	93323.73654	68776.49778	35825.69981	27200.9943
355.5644992	2311.169245	888.9112479	1377.812434	2933.407118	2800.070431	8044.646794	15778.17465	20844.96876	23733.93032	29645.19012	34889.76648	48045.65295	58357.02343	57423.66662	39023.20378	28711.83331	22445.00901	21467.20664	17200.43265	9466.904791	4666.784052
334.9551235	893.2136628	1451.472202	5080.152707	9992.827852	6810.754179	14514.72202	25847.37037	30313.43868	28750.31477	39301.40116	43209.21094	45498.07095	45498.07095	44437.37972	36454.28261	29252.74746	27187.19086	27410.49428	20878.86937	14291.4186	8429.703943
462.9096961	694.3645441	848.6677761	1697.335552	4397.642113	14658.80704	43204.90497	60718.3218	49454.18586	38961.56609	52000.18919	64498.75099	61721.29281	51768.73434	50920.06657	51923.03758	47293.94061	42124.78234	39964.53709	30320.58509	18979.29754	12730.01664
529.0926395	1389.564353	1476.818227	2179.490382	2824.612109	3680.442659	7243.927998	11472.02795	14747.76115	16829.7871	17589.08145	17351.45388	19154.08178	22644.23674	27875.75624	31229.46099	32869.64817	31867.15685	26614.288	18301.96416	9127.312148	5398.601388
901.5099227	1368.959512	767.9528971	2270.469435	4006.710768	3539.261178	5576.005818	9015.099227	12287.24635	16427.51415	18063.58771	21469.29186	21703.01666	26544.45883	34724.82665	42204.02008	40935.22834	34858.38368	28881.70678	21669.6274	13155.36702	7679.528971
702.1486788	405.0857763	1701.36026	5833.235178	6292.332391	6751.429604	16446.48252	23657.00933	18498.91712	18606.93999	19795.1916	24440.17517	21550.5633	18417.89996	19525.13442	21064.46037	22846.83778	20767.39746	22981.86637	29733.29598	26114.52971	18552.92855
176.0995339	215.2327636	508.7319868	1428.362886	2347.993785	4030.722665	6613.515828	8315.811323	7924.479025	8628.877161	11876.93523	13109.63197	13559.66411	14831.49408	15653.2919	16142.45727	14420.59516	11818.23539	9450.674985	8922.376384	7298.347349	5361.252476
42.32123618	126.9637085	818.2105661	1862.134392	3766.59002	4500.158114	5388.904073	5798.009356	5769.795199	5981.40138	6503.363293	6757.29071	7631.929591	11158.69927	13683.86636	12583.51422	11596.01871	10820.12938	8619.425102	6672.648237	4895.156318	2440.52462
657.8782531	603.0550653	1863.988384	4331.031833	25876.54462	123242.5261	244566.2406	269784.9069	209205.2845	168581.3023	141663.1172	112223.0653	83769.83089	61621.26304	54713.54138	37937.64593	25492.78231	15569.78532	10197.11292	7346.307159	3399.037641	2795.982575
4307.717893	10132.92732	13167.91038	17132.96889	21881.24885	27804.36095	52916.39821	82629.86141	116259.4318	141077.761	143084.7659	119147.5608	109846.8063	97804.77672	78664.80289	64615.7684	40384.85525	27021.13951	16986.11488	8517.533107	4160.863874	3426.593779
40.39655303	343.3707007	403.9655303	888.7241666	1070.508655	2928.750094	5635.319147	8543.870965	10038.54343	13512.64699	16461.59536	24298.52665	28398.77678	32377.83725	33246.36314	26742.5181	19087.37131	12583.52627	5857.500189	2625.775947	1110.905208	424.1638068
